[gd_scene load_steps=4 format=3 uid="uid://b5j11u04p35wh"]

[ext_resource type="PackedScene" uid="uid://dthi3oj3m5aly" path="res://Robot.glb" id="1_7x2rq"]
[ext_resource type="Script" path="res://Robot.gd" id="2_xqtqo"]

[sub_resource type="CapsuleShape3D" id="CapsuleShape3D_i3rjc"]
radius = 1.26244
height = 4.7263

[node name="Robot" instance=ExtResource("1_7x2rq")]
script = ExtResource("2_xqtqo")

[node name="RobotArmature-col" parent="." index="0"]
transform = Transform3D(-1, 0, -8.74228e-08, 0, 1, 0, 8.74228e-08, 0, -1, 0, 0, 0)

[node name="Skeleton3D" parent="RobotArmature-col" index="0"]
bones/1/position = Vector3(0.636722, 0.0305792, 0.0570147)
bones/3/position = Vector3(0.0052459, 1.15898, 0.30772)
bones/7/rotation = Quaternion(-0.0433809, -0.0141813, 0.0282903, 0.998557)
bones/8/rotation = Quaternion(-0.0309211, -0.00285618, -0.00128305, 0.999517)
bones/10/rotation = Quaternion(-0.0114497, -0.0532471, -0.9762, 0.209923)
bones/11/rotation = Quaternion(-0.0545858, -0.689887, 0.0692138, 0.718531)
bones/12/rotation = Quaternion(0.465631, 0.302422, -0.505999, 0.660071)
bones/14/rotation = Quaternion(-0.00442114, 0.023824, -0.552072, 0.833444)
bones/15/rotation = Quaternion(-0.0381108, 0.000934108, -0.699656, 0.713462)
bones/16/rotation = Quaternion(0.729874, 0.635341, 0.211089, 0.13808)
bones/17/rotation = Quaternion(0.248974, -0.627184, -0.630886, 0.382928)
bones/19/rotation = Quaternion(0.0467354, -0.396111, -0.589061, 0.702794)
bones/20/rotation = Quaternion(-0.0425872, -0.0183796, -0.699962, 0.712672)
bones/22/rotation = Quaternion(-0.0680167, 0.483185, -0.584014, 0.648717)
bones/23/rotation = Quaternion(-0.0425873, -0.0183794, -0.699962, 0.712672)
bones/26/rotation = Quaternion(-0.012289, 0.0530604, 0.972768, 0.225291)
bones/27/rotation = Quaternion(0.0435723, 0.80457, 0.0574779, 0.589462)
bones/28/rotation = Quaternion(0.257823, -0.552534, 0.442675, 0.657475)
bones/30/rotation = Quaternion(-0.0436784, -0.0103278, 0.525089, 0.849863)
bones/31/rotation = Quaternion(0.0348681, -0.0390055, 0.504719, 0.861697)
bones/33/rotation = Quaternion(0.135572, -0.735133, -0.594621, 0.296016)
bones/35/rotation = Quaternion(-0.504663, -0.573821, 0.135774, 0.630564)
bones/36/rotation = Quaternion(-0.0418692, -0.0120427, 0.527238, 0.8486)
bones/38/rotation = Quaternion(0.575218, 0.552901, 0.116743, 0.591435)
bones/39/rotation = Quaternion(0.138603, 0.024903, 0.427063, 0.893189)
bones/42/rotation = Quaternion(0.923342, 0.0381934, -0.0779759, 0.374032)
bones/43/rotation = Quaternion(0.617099, 8.18872e-08, -1.08846e-07, 0.786885)
bones/46/rotation = Quaternion(0.917771, -0.0586767, 0.127581, 0.371453)
bones/47/rotation = Quaternion(0.617099, -2.59744e-07, 1.44979e-07, 0.786885)
bones/51/position = Vector3(0.913523, 1.05808, 1.70949)
bones/52/position = Vector3(-0.636881, 0.0305792, 0.057014)
bones/52/rotation = Quaternion(5.22173e-07, 0.69555, 0.718478, 6.32924e-07)
bones/54/position = Vector3(-1.10091, 1.05808, 1.70949)

[node name="Foot_L_2" parent="RobotArmature-col/Skeleton3D" index="0"]
transform = Transform3D(1, -8.52651e-14, -7.01661e-14, 7.10543e-14, 1, -5.21541e-08, -3.95239e-14, -5.21541e-08, 1, 0.624058, 0.397664, 0.191115)
bone_idx = 2

[node name="Head_2" parent="RobotArmature-col/Skeleton3D" index="1"]
transform = Transform3D(0.998071, -0.0469699, -0.0405853, 0.0492516, 0.997148, 0.0571817, 0.0377837, -0.0590704, 0.997538, -0.0521873, 3.39814, -0.00113494)
bone_idx = 9

[node name="Arm_L" parent="RobotArmature-col/Skeleton3D" index="2"]
transform = Transform3D(0.435432, 0.900219, 0.00201499, -0.869529, 0.421165, -0.25795, -0.23306, 0.110568, 0.966156, 0.265002, 2.62957, 0.130694)
bone_idx = 24

[node name="Shoulder_L_2" parent="RobotArmature-col/Skeleton3D" index="3"]
transform = Transform3D(0.434578, 0.900634, -9.21146e-08, -0.900634, 0.434578, -1.80767e-07, -6.4774e-08, 1.40675e-07, 1, 0.582681, 2.15306, -0.0209943)
bone_idx = 25

[node name="Arm_R" parent="RobotArmature-col/Skeleton3D" index="4"]
transform = Transform3D(0.101816, -0.202931, -6.70552e-08, 0.202145, 0.101422, 0.0199569, -0.0178376, -0.00894971, 0.226162, -0.82569, 1.76312, 0.0402432)
bone_idx = 40

[node name="Shoulder_R_2" parent="RobotArmature-col/Skeleton3D" index="5"]
transform = Transform3D(0.448449, -0.893809, -1.54624e-07, 0.893809, 0.448449, -8.18132e-08, 1.31577e-07, -1.19312e-07, 1, -0.636986, 2.15248, -0.0209941)
bone_idx = 41

[node name="LowerLeg_L_2" parent="RobotArmature-col/Skeleton3D" index="6"]
transform = Transform3D(0.983845, 0.0527678, 0.171069, 0.0124143, 0.933168, -0.359231, -0.178592, 0.355559, 0.917429, 0.700195, 0.254302, 0.29821)
bone_idx = 44

[node name="Leg_L" parent="RobotArmature-col/Skeleton3D" index="7"]
transform = Transform3D(0.984298, -0.0998845, 0.145537, 0.00743245, 0.847219, 0.531193, -0.17636, -0.52177, 0.834656, 0.666833, 1.01275, 0.160974)
bone_idx = 45

[node name="LowerLeg_R_2" parent="RobotArmature-col/Skeleton3D" index="8"]
transform = Transform3D(0.962254, -0.0863755, -0.258075, -0.0125623, 0.933196, -0.359147, 0.271862, 0.348848, 0.89686, -0.755228, 0.254429, 0.287812)
bone_idx = 48

[node name="Leg_R" parent="RobotArmature-col/Skeleton3D" index="9"]
transform = Transform3D(0.961544, 0.167175, -0.217906, -0.0177494, 0.82958, 0.558096, 0.274076, -0.532777, 0.800627, -0.704318, 1.00645, 0.149039)
bone_idx = 49

[node name="Torso_2" parent="RobotArmature-col/Skeleton3D" index="10"]
transform = Transform3D(1, -1.01863e-10, 7.11952e-09, 1.01863e-10, 1, -3.60666e-17, -7.11952e-09, 3.67918e-17, 1, -0.00271564, 1.95435, -0.0195812)
bone_idx = 50

[node name="Foot_R_2" parent="RobotArmature-col/Skeleton3D" index="11"]
transform = Transform3D(1, 3.41061e-13, 2.70006e-13, 3.41061e-13, 1, -7.45058e-09, -3.19744e-14, -7.45058e-09, 1, -0.637997, 0.397664, 0.191115)
bone_idx = 53

[node name="CollisionShape3D" type="CollisionShape3D" parent="." index="2"]
transform = Transform3D(1, 0, 0, 0, 1, 0, 0, 0, 1, 0, 2.31201, 0)
shape = SubResource("CapsuleShape3D_i3rjc")

[node name="CameraBase" type="Node3D" parent="." index="3"]

[node name="Camera3D" type="Camera3D" parent="CameraBase" index="0"]
transform = Transform3D(1, 0, 0, 0, 1, 0, 0, 0, 1, 0, 3.97342, 5.7561)
